Base:
============================

    (4)			(3)
    0,1			1,1	
	-------------------
	|			|
	|			|
	|			|
	|			|
	|			|
	-------------------
    0,0			1,0
    (1)			(2)



90°:
===========================

    (3)			(2)
    1,1			1,0	
	-------------------
	|			|			0,0 --> 0,1
	|			|			1,0 --> 0,0
	|			|			1,1 --> 1,0
	|			|			0,1 --> 1,1
	|			|
	-------------------
    0,1			0,0
    (4)			(1)


180°:
===========================

    (2)			(1)
    1,0			0,0	
	-------------------
	|			|			0,0 --> 1,1
	|			|			1,0 --> 0,1
	|			|			1,1 --> 0,0
	|			|			0,1 --> 1,0
	|			|
	-------------------
    1,1			0,1
    (3)			(4)


270°:
===========================

    (1)			(4)
    0,0			0,1	
	-------------------
	|			|			0,0 --> 1,0
	|			|			1,0 --> 1,1
	|			|			1,1 --> 0,1
	|			|			0,1 --> 0,0
	|			|
	-------------------
    1,0			1,1
    (2)			(3)